<?xml version="1.0" encoding="UTF-8" standalone="no"?>
<!DOCTYPE svg PUBLIC "-//W3C//DTD SVG 20010904//EN"
              "http://www.w3.org/TR/2001/REC-SVG-20010904/DTD/svg10.dtd">

<svg xmlns="http://www.w3.org/2000/svg"
     width="10.3056in" height="3.70833in"
     viewBox="0 0 742 267">
  <path id="andre"
        fill="none" stroke="black" stroke-width="1"
        d="M 16.91,173.00
           C 21.00,174.36 23.06,174.59 26.94,174.59
             37.42,174.59 44.27,171.41 53.38,162.53
             59.53,156.61 74.36,139.28 83.94,126.97
             83.94,126.97 123.38,75.88 123.38,75.88
             117.22,75.42 115.17,75.42 111.52,74.97
             109.92,74.75 107.64,74.52 104.45,74.28
             104.45,74.28 98.98,73.61 98.98,73.61
             96.02,73.38 93.05,73.14 90.55,73.14
             73.91,73.14 64.09,80.91 64.09,93.89
             64.09,99.14 65.23,104.39 68.89,115.11
             68.89,115.11 52.02,124.23 52.02,124.23
             49.50,117.61 48.81,113.97 48.81,108.50
             48.81,96.41 54.06,86.38 66.14,74.75
             76.86,64.25 87.81,59.00 98.30,59.00
             102.86,59.00 108.78,59.69 119.05,61.28
             127.94,62.66 129.08,62.89 132.03,62.89
             136.83,62.89 137.28,62.66 144.12,55.59
             144.12,55.59 147.31,57.88 147.31,57.88
             140.02,94.12 131.12,157.98 131.12,172.58
             131.12,180.55 133.64,182.83 142.75,182.83
             144.58,182.83 150.28,182.38 159.62,181.69
             159.62,181.69 155.98,187.17 155.98,187.17
             152.11,187.86 149.59,188.31 148.00,188.53
             148.00,188.53 135.00,190.81 135.00,190.81
             123.61,192.88 117.45,194.00 116.53,194.00
             113.58,194.00 111.30,191.95 111.30,188.95
             111.30,186.67 111.75,183.03 112.44,179.16
             112.66,178.23 113.34,174.14 113.80,169.80
             114.48,164.78 115.17,160.00 115.62,157.72
             115.84,154.98 116.31,152.25 116.77,149.52
             107.88,148.83 94.42,148.59 76.41,148.59
             46.55,182.80 35.83,191.00 20.31,191.00
             15.98,191.00 13.48,190.55 8.23,188.95
             8.23,188.95 16.91,173.00 16.91,173.00 Z
           M 118.12,139.25
           C 118.12,139.25 127.48,81.56 127.48,81.56
             127.48,81.56 83.47,139.25 83.47,139.25
             83.47,139.25 118.12,139.25 118.12,139.25 Z
           M 164.28,193.20
           C 165.88,186.81 167.02,182.47 167.47,180.86
             167.47,180.86 172.72,162.36 172.72,162.36
             178.64,141.11 182.75,122.81 182.75,117.80
             182.75,115.97 181.61,114.59 180.02,114.59
             177.97,114.59 177.05,114.83 162.45,121.45
             162.45,121.45 163.83,115.50 163.83,115.50
             181.61,105.00 197.11,97.00 199.62,97.00
             201.45,97.00 202.59,98.14 202.59,99.97
             202.59,101.80 199.39,115.73 197.11,123.73
             199.84,121.91 205.78,118.25 214.91,112.53
             239.52,97.47 240.20,97.00 245.22,97.00
             247.95,97.00 249.56,98.38 249.56,100.89
             249.56,102.25 249.56,102.25 243.86,122.59
             233.83,158.92 232.91,162.81 232.91,168.98
             232.91,172.88 234.28,175.16 236.56,175.16
             238.84,175.16 240.44,174.47 262.55,161.67
             262.55,161.67 260.95,168.06 260.95,168.06
             245.00,179.95 229.03,190.00 218.78,194.56
             216.27,190.23 215.36,187.50 215.36,184.30
             215.36,179.95 216.27,175.84 221.28,155.73
             228.12,127.84 229.72,121.22 229.72,117.56
             229.72,115.73 228.81,114.59 227.44,114.59
             224.25,114.59 221.73,115.97 200.53,129.22
             200.53,129.22 194.83,132.88 194.83,132.88
             194.83,132.88 181.39,186.58 181.39,186.58
             181.39,186.58 164.28,193.20 164.28,193.20 Z
           M 361.39,168.16
           C 342.47,181.89 322.64,194.00 318.98,194.00
             315.56,194.00 313.97,191.50 313.97,186.94
             313.97,182.58 314.66,176.62 315.80,170.45
             292.31,187.61 281.83,194.00 277.48,194.00
             273.39,194.00 268.83,185.09 268.83,176.41
             268.83,160.61 279.09,128.33 286.84,119.41
             295.95,109.33 315.56,97.00 322.64,97.00
             324.69,97.00 327.88,97.47 331.98,98.38
             332.89,95.17 333.58,91.97 333.81,91.05
             339.73,67.47 340.42,65.88 351.59,55.11
             357.97,49.16 365.73,43.22 371.42,40.03
             376.44,37.06 379.64,36.16 385.11,36.16
             387.39,36.16 388.98,36.38 392.41,37.06
             392.41,37.06 384.42,49.84 384.42,49.84
             379.17,48.47 377.12,48.00 373.94,48.00
             365.73,48.00 360.70,53.28 355.69,67.02
             350.67,81.20 331.75,164.03 331.75,171.59
             331.75,175.03 333.12,177.55 334.95,177.55
             336.09,177.55 340.42,175.48 345.20,172.52
             346.34,171.83 350.22,169.08 355.92,165.19
             355.92,165.19 362.31,161.06 362.31,161.06
             362.31,161.06 361.39,168.16 361.39,168.16 Z
           M 328.33,113.91
           C 323.78,109.33 320.81,107.72 316.48,107.72
             304.84,107.72 295.73,119.17 289.34,142.30
             286.61,152.59 285.25,161.06 285.25,168.61
             285.25,175.48 286.84,178.69 290.03,178.69
             293.22,178.69 298.23,175.72 317.62,161.98
             317.62,161.98 328.33,113.91 328.33,113.91 Z
           M 383.19,143.06
           C 385.92,133.03 388.20,122.55 388.20,119.34
             388.20,116.16 386.84,114.56 383.88,114.56
             380.91,114.56 380.69,114.80 367.45,121.17
             367.45,121.17 368.14,115.02 368.14,115.02
             382.05,106.81 402.11,97.00 405.08,97.00
             406.67,97.00 408.05,98.14 408.05,99.52
             408.05,99.52 405.31,113.20 405.31,113.20
             406.67,112.28 408.27,111.14 409.64,110.00
             412.83,107.95 415.80,105.67 418.77,103.39
             424.92,99.06 429.47,97.00 433.81,97.00
             436.09,97.00 438.14,97.47 442.25,98.83
             442.25,98.83 435.41,120.48 435.41,120.48
             431.30,115.25 428.33,113.42 423.31,113.42
             417.16,113.42 411.92,115.47 404.17,121.41
             404.17,121.41 387.06,186.39 387.06,186.39
             387.06,186.39 369.52,193.00 369.52,193.00
             369.52,193.00 383.19,143.06 383.19,143.06 Z
           M 500.41,166.36
           C 483.30,183.97 465.97,194.00 452.53,194.00
             440.89,194.00 433.83,185.58 433.83,172.08
             433.83,153.53 441.58,128.34 450.25,117.81
             454.80,112.31 462.56,106.12 471.22,101.11
             476.69,98.14 480.11,97.00 485.12,97.00
             493.33,97.00 498.12,101.80 498.12,109.80
             498.12,120.09 493.56,127.66 481.02,137.05
             467.58,147.12 461.19,151.70 450.70,158.34
             450.70,164.98 450.92,167.50 451.84,171.17
             453.44,177.12 458.00,181.02 463.92,181.02
             472.59,181.02 482.39,175.28 500.62,159.72
             500.62,159.72 500.41,166.36 500.41,166.36 Z
           M 481.70,115.97
           C 481.70,110.25 479.20,106.58 475.55,106.58
             465.52,106.58 455.27,125.36 451.39,150.09
             475.09,134.75 481.70,127.42 481.70,115.97 Z" />
</svg>
