<?xml version="1.0" encoding="UTF-8" standalone="no"?>
<!DOCTYPE svg PUBLIC "-//W3C//DTD SVG 20010904//EN"
              "http://www.w3.org/TR/2001/REC-SVG-20010904/DTD/svg10.dtd">

<svg xmlns="http://www.w3.org/2000/svg"
     width="10.3056in" height="3.70833in"
     viewBox="0 0 742 267">
  <path id="cowie"
        fill="url(#radialGradient-2)" stroke="black" stroke-width="0"
        d="M 544.28,168.89
           C 535.23,175.73 524.00,179.89 514.95,179.89
             505.08,179.89 499.14,173.45 499.14,162.77
             499.14,149.30 505.08,135.50 515.16,125.44
             524.31,116.31 534.81,111.00 543.86,111.00
             548.03,111.00 551.77,112.47 553.75,114.86
             555.00,116.42 555.62,118.08 556.03,121.39
             556.03,121.39 548.34,127.92 548.34,127.92
             547.72,119.73 544.59,115.89 538.36,115.89
             522.97,115.89 507.67,137.36 507.67,158.94
             507.67,168.78 512.88,175.00 521.09,175.00
             528.38,175.00 535.44,172.31 545.02,165.78
             545.02,165.78 544.28,168.89 544.28,168.89 Z
           M 588.69,138.56
           C 588.69,145.72 585.36,155.88 581.20,161.58
             579.33,163.97 575.89,166.56 570.70,169.47
             566.02,171.97 563.00,173.00 560.09,173.00
             554.58,173.00 551.05,168.95 551.05,162.72
             551.05,152.36 555.72,141.56 562.38,136.59
             568.52,132.03 575.17,129.00 579.33,129.00
             584.84,129.00 588.69,132.95 588.69,138.56 Z
           M 559.05,158.38
           C 559.05,164.28 561.75,168.12 566.02,168.12
             569.97,168.12 573.72,164.91 576.73,159.00
             579.22,153.91 580.69,148.62 580.69,144.16
             580.69,137.83 578.08,133.89 573.92,133.89
             566.64,133.89 559.05,146.34 559.05,158.38 Z
           M 593.05,147.16
           C 595.44,139.47 597.52,134.67 599.08,133.12
             599.70,132.39 600.84,132.08 602.61,132.08
             603.23,132.08 604.38,132.08 605.42,132.80
             608.75,132.91 614.36,133.00 617.28,133.00
             619.05,133.00 619.77,132.80 621.53,131.55
             621.53,131.55 622.69,131.55 622.69,131.55
             622.78,131.97 622.78,132.17 622.78,132.39
             622.78,132.39 622.78,133.42 622.78,133.42
             616.97,139.25 614.56,142.12 612.08,146.56
             609.16,151.81 607.39,157.59 607.39,162.03
             607.39,164.91 608.44,166.56 610.20,166.56
             614.05,166.56 621.02,161.00 624.77,154.81
             626.73,151.58 627.56,149.50 630.06,141.59
             631.42,137.23 632.14,134.73 632.36,134.00
             636.09,133.06 637.25,132.77 640.05,131.83
             633.08,152.52 631.62,157.83 631.62,162.30
             631.62,165.20 632.98,167.08 635.16,167.08
             638.39,167.08 643.59,162.72 647.33,157.09
             651.59,150.44 654.19,142.33 654.19,135.47
             654.19,132.55 653.89,130.89 652.84,128.19
             656.59,126.52 657.52,126.11 660.12,125.48
             661.89,126.62 662.72,128.39 662.72,131.20
             662.72,147.62 642.34,173.00 629.23,173.00
             625.59,173.00 623.62,170.92 623.62,167.08
             623.62,164.38 624.03,162.30 625.17,158.94
             616.55,168.64 610.41,173.00 605.00,173.00
             601.67,173.00 599.39,170.41 599.39,166.66
             599.39,161.30 601.88,154.39 605.83,148.73
             606.56,147.59 609.69,144.09 615.09,138.00
             613.22,138.73 612.59,138.83 610.31,138.83
             609.38,138.83 608.44,138.83 607.59,138.11
             607.59,138.11 604.17,138.00 604.17,138.00
             601.56,138.00 599.70,139.16 598.03,141.95
             597.31,143.20 596.78,144.56 594.81,149.66
             594.81,149.66 593.05,147.16 593.05,147.16 Z
           M 685.02,109.03
           C 685.84,111.12 685.95,111.12 686.56,112.36
             687.41,113.72 687.61,114.14 687.92,114.77
             684.39,117.47 684.08,117.78 681.16,120.38
             678.88,117.05 677.94,115.28 677.20,113.09
             679.08,111.84 681.47,109.97 684.39,107.69
             684.39,107.69 685.02,109.03 685.02,109.03 Z
           M 687.92,162.53
           C 686.67,163.25 685.95,163.77 685.02,164.28
             683.03,165.64 681.06,166.88 679.08,168.12
             673.56,171.66 670.77,173.00 669.00,173.00
             667.44,173.00 666.50,171.34 666.50,168.86
             666.50,166.16 666.50,166.16 671.39,148.11
             672.94,142.19 673.25,140.73 673.25,139.28
             673.25,138.14 672.84,137.52 672.02,137.52
             671.08,137.52 670.77,137.62 664.42,141.05
             664.42,141.05 664.62,138.14 664.62,138.14
             673.16,132.44 679.30,129.00 681.06,129.00
             681.78,129.00 682.31,129.42 682.31,130.05
             682.31,130.88 682.31,130.88 678.45,146.66
             675.03,160.34 675.03,160.34 675.03,162.11
             675.03,163.88 675.75,165.02 676.89,165.02
             678.14,165.02 679.39,164.50 686.56,160.55
             686.56,160.55 688.34,159.62 688.34,159.62
             688.34,159.62 687.92,162.53 687.92,162.53 Z
           M 720.41,160.44
           C 712.61,168.44 704.70,173.00 698.56,173.00
             693.27,173.00 690.05,169.16 690.05,163.03
             690.05,154.64 693.58,143.23 697.53,138.45
             699.61,135.97 703.14,133.17 707.09,130.88
             709.59,129.53 711.16,129.00 713.44,129.00
             717.19,129.00 719.38,131.19 719.38,134.83
             719.38,139.50 717.30,142.92 711.56,147.17
             705.44,151.73 702.52,153.81 697.73,156.81
             697.73,159.83 697.84,160.97 698.25,162.62
             698.98,165.31 701.06,167.08 703.77,167.08
             707.72,167.08 712.19,164.48 720.52,157.44
             720.52,157.44 720.41,160.44 720.41,160.44 Z
           M 711.88,137.62
           C 711.88,135.03 710.73,133.38 709.08,133.38
             704.50,133.38 699.81,141.88 698.05,153.08
             708.86,146.12 711.88,142.81 711.88,137.62 Z" />
</svg>
