<?xml version="1.0" encoding="UTF-8" standalone="no"?>
<!DOCTYPE svg PUBLIC "-//W3C//DTD SVG 20010904//EN"
              "http://www.w3.org/TR/2001/REC-SVG-20010904/DTD/svg10.dtd">

<svg xmlns="http://www.w3.org/2000/svg"
     width="20.8333in" height="10.4167in"
     viewBox="0 0 1500 750">
  <path id="Path"
        fill="none" stroke="black" stroke-width="1"
        d="M 660.08,448.84
           C 663.67,453.55 669.42,455.91 677.33,455.91
             685.23,455.91 692.85,452.70 700.17,446.30
             696.12,442.90 694.09,436.76 694.09,427.88
             694.09,418.99 696.15,405.34 700.27,386.91
             704.38,368.48 706.44,357.44 706.44,353.78
             706.44,343.46 701.66,338.30 692.12,338.30
             685.20,338.30 678.47,340.39 671.94,344.58
             671.81,341.83 671.35,338.62 670.56,334.97
             665.86,333.93 660.70,333.41 655.08,333.41
             633.39,333.41 615.26,340.73 600.69,355.36
             586.12,369.98 578.84,388.15 578.84,409.84
             578.84,423.82 582.17,435.00 588.83,443.36
             595.49,451.72 604.38,455.91 615.48,455.91
             623.59,455.91 630.94,453.26 637.53,447.97
             644.13,442.68 649.20,435.32 652.73,425.91
             652.73,425.91 654.69,426.89 654.69,426.89
             654.69,436.82 656.48,444.14 660.08,448.84 Z
           M 630.78,367.11
           C 640.84,357.57 652.47,352.80 665.67,352.80
             661.74,370.84 659.20,386.45 658.03,399.64
             654.76,406.05 650.71,411.09 645.88,414.75
             641.04,418.41 636.14,420.23 631.17,420.23
             626.20,420.23 622.38,418.51 619.70,415.05
             617.02,411.58 615.69,406.64 615.69,400.23
             615.69,387.70 620.72,376.65 630.78,367.11 Z
           M 738.91,445.72
           C 746.23,452.51 757.27,455.91 772.03,455.91
             781.05,455.91 790.13,454.27 799.28,451.00
             808.43,447.73 816.88,443.06 824.66,436.98
             832.44,430.91 838.77,422.95 843.67,413.08
             848.58,403.21 851.03,392.11 851.03,379.77
             851.03,367.41 848.16,356.89 842.41,348.20
             836.66,339.51 828.68,335.16 818.48,335.16
             800.45,335.16 786.73,344.50 777.33,363.19
             777.33,363.19 775.38,362.22 775.38,362.22
             780.47,337.78 783.02,321.38 783.02,313.02
             783.02,308.18 781.71,304.66 779.09,302.44
             776.48,300.21 772.39,299.09 766.84,299.09
             761.29,299.09 755.74,300.27 750.19,302.62
             744.63,304.98 737.80,308.57 729.70,313.41
             729.70,313.41 740.67,329.09 740.67,329.09
             732.18,374.56 727.94,402.79 727.94,413.77
             727.94,428.27 731.59,438.92 738.91,445.72 Z
           M 769.88,402.39
           C 771.31,395.34 773.17,389.01 775.45,383.39
             777.74,377.77 781.02,372.93 785.27,368.88
             789.52,364.82 794.12,362.80 799.08,362.80
             804.05,362.80 808.07,365.09 811.14,369.66
             814.21,374.23 815.75,379.33 815.75,384.95
             815.75,397.23 811.21,408.34 802.12,418.27
             793.04,428.20 781.25,433.16 766.75,433.16
             766.75,423.75 767.79,413.50 769.88,402.39 Z
           M 883.81,441.70
           C 893.81,451.17 906.71,455.91 922.52,455.91
             938.33,455.91 951.07,452.54 960.73,445.81
             970.41,439.09 975.25,431.86 975.25,424.14
             975.25,415.13 965.71,410.62 946.62,410.62
             946.62,417.81 944.89,423.23 941.44,426.89
             937.98,430.55 933.50,432.38 928.02,432.38
             922.52,432.38 918.08,429.70 914.69,424.34
             911.29,418.99 909.59,412.00 909.59,403.38
             909.59,394.75 911.97,386.12 916.73,377.50
             921.50,368.88 928.01,362.87 936.25,359.47
             938.59,364.70 941.89,368.69 946.14,371.44
             950.39,374.18 955.09,375.55 960.25,375.55
             965.41,375.55 970.19,373.85 974.56,370.45
             978.94,367.05 981.12,362.15 981.12,355.75
             981.12,349.34 977.86,344.02 971.33,339.78
             964.80,335.53 955.91,333.41 944.67,333.41
             922.85,333.41 904.75,340.01 890.38,353.20
             876.00,366.39 868.81,383.45 868.81,404.36
             868.81,419.78 873.81,432.23 883.81,441.70 Z
           M 1033.22,448.45
           C 1038.05,443.48 1040.47,437.90 1040.47,431.70
             1040.47,425.50 1038.47,420.40 1034.48,416.41
             1030.50,412.42 1025.31,410.42 1018.91,410.42
             1012.50,410.42 1006.88,412.91 1002.05,417.88
             997.21,422.84 994.80,428.43 994.80,434.64
             994.80,440.84 996.79,445.93 1000.77,449.92
             1004.75,453.91 1009.95,455.91 1016.36,455.91
             1022.77,455.91 1028.38,453.42 1033.22,448.45 Z" />
</svg>
