<?xml version="1.0" encoding="UTF-8" standalone="no"?>
<!DOCTYPE svg PUBLIC "-//W3C//DTD SVG 20010904//EN"
              "http://www.w3.org/TR/2001/REC-SVG-20010904/DTD/svg10.dtd">

<svg xmlns="http://www.w3.org/2000/svg"
     width="5.08333in" height="2.93056in"
     viewBox="0 0 366 211">
  <path id="Path #3"
        fill="none" stroke="black" stroke-width="1"
        d="M 89.91,126.80
           C 93.57,131.60 99.44,134.00 107.50,134.00
             115.56,134.00 123.33,130.73 130.80,124.20
             126.66,120.73 124.59,114.47 124.59,105.41
             124.59,96.34 126.69,82.40 130.89,63.61
             135.10,44.81 137.20,33.54 137.20,29.80
             137.20,19.27 132.33,14.00 122.59,14.00
             115.53,14.00 108.66,16.14 102.00,20.41
             101.86,17.61 101.39,14.34 100.59,10.59
             95.80,9.53 90.54,9.00 84.80,9.00
             62.66,9.00 44.16,16.47 29.30,31.41
             14.43,46.34 7.00,64.87 7.00,87.00
             7.00,101.27 10.40,112.67 17.20,121.20
             24.00,129.73 33.07,134.00 44.41,134.00
             52.66,134.00 60.16,131.30 66.89,125.91
             73.63,120.50 78.80,113.00 82.41,103.41
             82.41,103.41 84.41,104.41 84.41,104.41
             84.41,114.53 86.24,122.00 89.91,126.80 Z
           M 60.00,43.41
           C 70.27,33.67 82.13,28.80 95.59,28.80
             91.59,47.20 88.99,63.14 87.80,76.59
             84.46,83.14 80.33,88.27 75.39,92.00
             70.46,95.73 65.46,97.59 60.39,97.59
             55.33,97.59 51.43,95.83 48.69,92.30
             45.96,88.77 44.59,83.73 44.59,77.20
             44.59,64.40 49.73,53.14 60.00,43.41 Z" />
</svg>
