<?xml version="1.0" encoding="UTF-8" standalone="no"?>
<!DOCTYPE svg PUBLIC "-//W3C//DTD SVG 20010904//EN"
              "http://www.w3.org/TR/2001/REC-SVG-20010904/DTD/svg10.dtd">

<svg xmlns="http://www.w3.org/2000/svg"
     width="5.08333in" height="2.93056in"
     viewBox="0 0 366 211">
  <path id="arnes"
        fill="none" stroke="black" stroke-width="1"
        d="M 135.17,178.81
           C 135.50,179.24 136.04,179.45 136.77,179.45
             137.49,179.45 138.19,179.16 138.86,178.56
             138.48,178.25 138.30,177.69 138.30,176.88
             138.30,176.06 138.48,174.81 138.86,173.12
             139.24,171.43 139.44,170.41 139.44,170.08
             139.44,169.13 139.00,168.66 138.12,168.66
             137.49,168.66 136.87,168.84 136.27,169.22
             136.25,168.97 136.21,168.68 136.14,168.34
             135.71,168.25 135.24,168.20 134.72,168.20
             132.73,168.20 131.06,168.88 129.72,170.22
             128.38,171.56 127.72,173.23 127.72,175.22
             127.72,176.50 128.02,177.53 128.64,178.30
             129.25,179.07 130.07,179.45 131.09,179.45
             131.83,179.45 132.50,179.21 133.11,178.72
             133.71,178.23 134.18,177.56 134.50,176.70
             134.50,176.70 134.69,176.78 134.69,176.78
             134.69,177.70 134.85,178.38 135.17,178.81 Z
           M 132.48,171.30
           C 133.41,170.42 134.48,169.98 135.69,169.98
             135.33,171.64 135.10,173.07 134.98,174.28
             134.69,174.88 134.32,175.34 133.88,175.67
             133.43,176.01 132.97,176.17 132.52,176.17
             132.07,176.17 131.72,176.02 131.47,175.70
             131.23,175.38 131.11,174.93 131.11,174.34
             131.11,173.19 131.57,172.17 132.48,171.30 Z
           M 143.03,179.45
           C 143.64,179.45 144.33,179.16 145.08,178.56
             144.83,178.22 144.70,177.68 144.70,176.94
             144.70,173.88 145.45,172.34 146.94,172.34
             147.91,172.34 148.65,172.11 149.14,171.64
             149.63,171.17 149.88,170.61 149.88,169.95
             149.88,169.51 149.72,169.11 149.41,168.75
             149.10,168.39 148.66,168.20 148.06,168.20
             146.78,168.20 145.71,169.49 144.84,172.06
             144.84,172.06 144.66,171.98 144.66,171.98
             145.05,170.65 145.25,169.78 145.25,169.36
             145.25,168.59 144.95,168.20 144.34,168.20
             143.74,168.20 142.69,168.54 141.19,169.20
             141.19,169.20 142.12,170.64 142.12,170.64
             141.86,171.79 141.61,173.05 141.36,174.44
             141.11,175.81 140.98,176.74 140.98,177.22
             140.98,178.71 141.66,179.45 143.03,179.45 Z
           M 155.08,178.56
           C 154.83,178.22 154.70,177.66 154.70,176.88
             154.70,176.09 154.84,175.31 155.11,174.55
             155.39,173.79 155.73,173.16 156.12,172.66
             156.53,172.16 156.95,171.76 157.38,171.47
             157.81,171.18 158.20,171.03 158.53,171.03
             158.94,171.03 159.14,171.30 159.14,171.84
             159.14,172.24 158.96,173.10 158.59,174.42
             158.24,175.73 158.06,176.67 158.06,177.22
             158.06,178.71 158.75,179.45 160.14,179.45
             160.85,179.45 161.52,179.16 162.16,178.56
             161.89,178.22 161.77,177.67 161.77,176.92
             161.77,176.16 161.94,175.04 162.30,173.55
             162.65,172.06 162.83,171.00 162.83,170.38
             162.83,168.93 162.10,168.20 160.66,168.20
             158.68,168.20 157.05,169.30 155.77,171.50
             155.77,171.50 155.58,171.41 155.58,171.41
             155.86,170.78 156.00,170.17 156.00,169.56
             156.00,168.66 155.49,168.20 154.48,168.20
             153.47,168.20 152.38,168.54 151.19,169.20
             151.19,169.20 152.12,170.64 152.12,170.64
             151.86,171.79 151.61,173.05 151.36,174.44
             151.11,175.81 150.98,176.81 150.98,177.42
             150.98,178.03 151.15,178.52 151.48,178.89
             151.83,179.27 152.35,179.45 153.06,179.45
             153.77,179.45 154.44,179.16 155.08,178.56 Z
           M 173.28,178.53
           C 174.14,177.91 174.58,177.24 174.58,176.53
             174.58,175.71 173.70,175.30 171.95,175.30
             171.95,176.01 171.78,176.52 171.44,176.83
             171.10,177.14 170.70,177.30 170.23,177.30
             169.77,177.30 169.38,177.08 169.06,176.64
             168.75,176.20 168.57,175.59 168.53,174.83
             170.80,174.82 172.48,174.45 173.56,173.70
             174.66,172.96 175.20,172.04 175.20,170.92
             175.20,170.10 174.91,169.45 174.33,168.95
             173.75,168.45 172.91,168.20 171.80,168.20
             169.79,168.20 168.12,168.81 166.80,170.02
             165.47,171.21 164.81,172.78 164.81,174.72
             164.81,176.17 165.25,177.32 166.14,178.17
             167.04,179.02 168.30,179.45 169.95,179.45
             171.30,179.45 172.41,179.14 173.28,178.53 Z
           M 172.08,170.55
           C 172.23,170.70 172.31,170.90 172.31,171.14
             172.31,171.64 172.01,172.12 171.41,172.56
             170.80,173.01 169.90,173.29 168.70,173.39
             168.93,172.56 169.30,171.84 169.80,171.23
             170.30,170.62 170.87,170.31 171.48,170.31
             171.73,170.31 171.93,170.39 172.08,170.55 Z
           M 183.64,171.69
           C 184.02,171.94 184.45,172.06 184.92,172.06
             185.40,172.06 185.84,171.91 186.25,171.61
             186.66,171.30 186.86,170.86 186.86,170.28
             186.86,169.70 186.51,169.21 185.81,168.81
             185.12,168.41 184.25,168.20 183.19,168.20
             182.12,168.20 181.17,168.32 180.33,168.56
             179.48,168.79 178.77,169.20 178.20,169.80
             177.63,170.38 177.34,171.11 177.34,171.97
             177.34,173.05 177.75,173.90 178.56,174.50
             179.38,175.11 180.71,175.51 182.53,175.72
             182.33,176.59 181.73,177.03 180.73,177.03
             180.16,177.03 179.57,176.89 178.95,176.59
             178.35,176.29 177.90,175.93 177.61,175.52
             177.02,176.17 176.72,176.83 176.72,177.48
             176.72,178.80 178.24,179.45 181.28,179.45
             182.34,179.45 183.43,179.22 184.53,178.75
             185.09,178.50 185.56,178.13 185.94,177.64
             186.31,177.15 186.50,176.58 186.50,175.92
             186.50,174.88 186.08,174.08 185.25,173.52
             184.43,172.95 183.00,172.51 180.97,172.22
             181.18,171.76 181.41,171.41 181.67,171.17
             181.93,170.92 182.29,170.73 182.73,170.59
             182.95,171.07 183.25,171.44 183.64,171.69 Z" />
</svg>
