<?xml version="1.0" encoding="UTF-8" standalone="no"?>
<!DOCTYPE svg PUBLIC "-//W3C//DTD SVG 20010904//EN"
              "http://www.w3.org/TR/2001/REC-SVG-20010904/DTD/svg10.dtd">

<svg xmlns="http://www.w3.org/2000/svg"
     width="5.08333in" height="2.93056in"
     viewBox="0 0 366 211">
  <path id="Path #2"
        fill="none" stroke="black" stroke-width="1"
        d="M 122.39,174.61
           C 129.86,181.54 141.13,185.00 156.20,185.00
             165.40,185.00 174.66,183.33 184.00,180.00
             193.33,176.67 201.96,171.90 209.89,165.70
             217.83,159.51 224.30,151.38 229.30,141.31
             234.30,131.24 236.80,119.91 236.80,107.31
             236.80,94.71 233.86,83.98 228.00,75.11
             222.13,66.23 214.00,61.80 203.59,61.80
             185.20,61.80 171.20,71.34 161.59,90.41
             161.59,90.41 159.59,89.41 159.59,89.41
             164.80,64.47 167.41,47.73 167.41,39.20
             167.41,34.27 166.07,30.67 163.41,28.41
             160.74,26.14 156.57,25.00 150.91,25.00
             145.24,25.00 139.57,26.20 133.91,28.61
             128.24,31.01 121.27,34.67 113.00,39.59
             113.00,39.59 124.20,55.59 124.20,55.59
             115.54,102.00 111.20,130.80 111.20,142.00
             111.20,156.80 114.93,167.67 122.39,174.61 Z
           M 154.00,130.41
           C 155.47,123.20 157.37,116.73 159.70,111.00
             162.04,105.27 165.37,100.34 169.70,96.20
             174.04,92.07 178.73,90.00 183.80,90.00
             188.87,90.00 192.97,92.34 196.09,97.00
             199.23,101.67 200.80,106.87 200.80,112.59
             200.80,125.14 196.16,136.48 186.89,146.61
             177.63,156.73 165.60,161.80 150.80,161.80
             150.80,152.20 151.86,141.74 154.00,130.41 Z" />
</svg>
