<?xml version="1.0" encoding="UTF-8" standalone="no"?>
<!DOCTYPE svg PUBLIC "-//W3C//DTD SVG 20010904//EN"
              "http://www.w3.org/TR/2001/REC-SVG-20010904/DTD/svg10.dtd">

<svg xmlns="http://www.w3.org/2000/svg"
     width="5.08333in" height="2.93056in"
     viewBox="0 0 366 211">
  <path id="Path"
        fill="none" stroke="black" stroke-width="1"
        d="M 225.30,188.50
           C 235.49,198.16 248.66,203.00 264.80,203.00
             280.93,203.00 293.93,199.57 303.80,192.70
             313.66,185.84 318.59,178.47 318.59,170.59
             318.59,161.40 308.86,156.80 289.41,156.80
             289.41,164.13 287.63,169.67 284.09,173.41
             280.56,177.14 275.99,179.00 270.39,179.00
             264.80,179.00 260.27,176.27 256.80,170.80
             253.33,165.33 251.59,158.20 251.59,149.41
             251.59,140.61 254.02,131.80 258.89,123.00
             263.77,114.20 270.40,108.06 278.80,104.59
             281.20,109.93 284.57,114.00 288.91,116.80
             293.24,119.60 298.04,121.00 303.30,121.00
             308.57,121.00 313.43,119.27 317.89,115.80
             322.36,112.33 324.59,107.33 324.59,100.80
             324.59,94.27 321.26,88.84 314.59,84.50
             307.93,80.17 298.86,78.00 287.41,78.00
             265.13,78.00 246.66,84.73 232.00,98.20
             217.33,111.67 210.00,129.07 210.00,150.41
             210.00,166.14 215.10,178.84 225.30,188.50 Z" />
</svg>
