<?xml version="1.0" encoding="UTF-8" standalone="no"?>
<!DOCTYPE svg PUBLIC "-//W3C//DTD SVG 20010904//EN"
              "http://www.w3.org/TR/2001/REC-SVG-20010904/DTD/svg10.dtd">

<svg xmlns="http://www.w3.org/2000/svg"
     width="5.08333in" height="2.93056in"
     viewBox="0 0 366 211">
  <path id="ndre"
        fill="none" stroke="black" stroke-width="1"
        d="M 25.08,124.56
           C 24.83,124.22 24.70,123.66 24.70,122.88
             24.70,122.09 24.84,121.31 25.11,120.55
             25.39,119.79 25.73,119.16 26.12,118.66
             26.53,118.16 26.95,117.76 27.38,117.47
             27.81,117.18 28.20,117.03 28.53,117.03
             28.94,117.03 29.14,117.30 29.14,117.84
             29.14,118.24 28.96,119.10 28.59,120.42
             28.24,121.73 28.06,122.67 28.06,123.22
             28.06,124.71 28.75,125.45 30.14,125.45
             30.85,125.45 31.52,125.16 32.16,124.56
             31.89,124.22 31.77,123.67 31.77,122.92
             31.77,122.16 31.94,121.04 32.30,119.55
             32.65,118.06 32.83,117.00 32.83,116.38
             32.83,114.93 32.10,114.20 30.66,114.20
             28.68,114.20 27.05,115.30 25.77,117.50
             25.77,117.50 25.58,117.41 25.58,117.41
             25.86,116.78 26.00,116.17 26.00,115.56
             26.00,114.66 25.49,114.20 24.48,114.20
             23.47,114.20 22.38,114.54 21.19,115.20
             21.19,115.20 22.12,116.64 22.12,116.64
             21.86,117.79 21.61,119.05 21.36,120.44
             21.11,121.81 20.98,122.81 20.98,123.42
             20.98,124.03 21.15,124.52 21.48,124.89
             21.83,125.27 22.35,125.45 23.06,125.45
             23.77,125.45 24.44,125.16 25.08,124.56 Z
           M 42.28,124.91
           C 42.61,125.27 43.14,125.45 43.88,125.45
             44.60,125.45 45.30,125.16 45.97,124.56
             45.59,124.23 45.41,123.53 45.41,122.47
             45.41,121.41 45.67,119.61 46.20,117.08
             46.74,114.55 47.02,113.01 47.02,112.47
             47.02,111.92 46.91,111.54 46.70,111.34
             46.50,111.15 46.16,111.05 45.66,111.05
             44.80,111.05 43.62,111.48 42.12,112.36
             42.12,112.36 43.12,113.80 43.12,113.80
             43.04,114.16 42.99,114.47 42.97,114.72
             42.41,114.68 42.03,114.66 41.81,114.66
             40.68,114.66 39.64,114.86 38.72,115.27
             37.79,115.66 37.05,116.18 36.50,116.83
             35.38,118.15 34.81,119.62 34.81,121.22
             34.81,122.51 35.14,123.54 35.81,124.31
             36.48,125.07 37.29,125.45 38.25,125.45
             39.54,125.45 40.66,124.84 41.59,123.59
             41.59,123.59 41.78,123.69 41.78,123.69
             41.78,124.14 41.95,124.54 42.28,124.91 Z
           M 39.42,117.56
           C 40.24,116.68 41.35,116.23 42.73,116.23
             42.38,117.80 42.11,119.65 41.92,121.78
             41.36,122.43 40.73,122.75 40.05,122.75
             39.52,122.75 39.07,122.55 38.72,122.16
             38.36,121.76 38.19,121.22 38.19,120.53
             38.19,119.44 38.60,118.45 39.42,117.56 Z
           M 50.03,125.45
           C 50.64,125.45 51.33,125.16 52.08,124.56
             51.83,124.22 51.70,123.68 51.70,122.94
             51.70,119.88 52.45,118.34 53.94,118.34
             54.91,118.34 55.65,118.11 56.14,117.64
             56.63,117.17 56.88,116.61 56.88,115.95
             56.88,115.51 56.72,115.11 56.41,114.75
             56.10,114.39 55.66,114.20 55.06,114.20
             53.78,114.20 52.71,115.49 51.84,118.06
             51.84,118.06 51.66,117.98 51.66,117.98
             52.05,116.65 52.25,115.78 52.25,115.36
             52.25,114.59 51.95,114.20 51.34,114.20
             50.74,114.20 49.69,114.54 48.19,115.20
             48.19,115.20 49.12,116.64 49.12,116.64
             48.86,117.79 48.61,119.05 48.36,120.44
             48.11,121.81 47.98,122.74 47.98,123.22
             47.98,124.71 48.66,125.45 50.03,125.45 Z
           M 66.28,124.53
           C 67.14,123.91 67.58,123.24 67.58,122.53
             67.58,121.71 66.70,121.30 64.95,121.30
             64.95,122.01 64.78,122.52 64.44,122.83
             64.10,123.14 63.70,123.30 63.23,123.30
             62.77,123.30 62.38,123.08 62.06,122.64
             61.75,122.20 61.57,121.59 61.53,120.83
             63.80,120.82 65.48,120.45 66.56,119.70
             67.66,118.96 68.20,118.04 68.20,116.92
             68.20,116.10 67.91,115.45 67.33,114.95
             66.75,114.45 65.91,114.20 64.80,114.20
             62.79,114.20 61.12,114.81 59.80,116.02
             58.47,117.21 57.81,118.78 57.81,120.72
             57.81,122.17 58.25,123.32 59.14,124.17
             60.04,125.02 61.30,125.45 62.95,125.45
             64.30,125.45 65.41,125.14 66.28,124.53 Z
           M 65.08,116.55
           C 65.23,116.70 65.31,116.90 65.31,117.14
             65.31,117.64 65.01,118.12 64.41,118.56
             63.80,119.01 62.90,119.29 61.70,119.39
             61.93,118.56 62.30,117.84 62.80,117.23
             63.30,116.62 63.87,116.31 64.48,116.31
             64.73,116.31 64.93,116.39 65.08,116.55 Z" />
</svg>
