<?xml version="1.0" encoding="UTF-8" standalone="no"?>
<!DOCTYPE svg PUBLIC "-//W3C//DTD SVG 20010904//EN"
              "http://www.w3.org/TR/2001/REC-SVG-20010904/DTD/svg10.dtd">

<svg xmlns="http://www.w3.org/2000/svg"
     width="5.08333in" height="2.93056in"
     viewBox="0 0 366 211">
  <path id="owie"
        fill="none" stroke="black" stroke-width="1"
        d="M 249.92,187.69
           C 249.91,187.19 249.84,186.74 249.72,186.34
             249.28,186.25 248.85,186.20 248.42,186.20
             246.49,186.20 244.91,186.81 243.67,188.02
             242.43,189.21 241.81,190.78 241.81,192.72
             241.81,194.15 242.27,195.29 243.17,196.16
             244.09,197.02 245.33,197.45 246.91,197.45
             247.69,197.45 248.45,197.30 249.19,197.00
             249.94,196.69 250.60,196.26 251.19,195.70
             251.77,195.15 252.24,194.45 252.61,193.58
             252.97,192.70 253.16,191.76 253.16,190.73
             253.16,189.70 252.91,188.92 252.42,188.38
             251.93,187.84 251.35,187.56 250.69,187.56
             250.44,187.56 250.18,187.61 249.92,187.69 Z
           M 249.92,192.84
           C 249.42,194.44 248.56,195.23 247.34,195.23
             246.79,195.23 246.34,194.98 245.98,194.45
             245.63,193.93 245.45,193.24 245.45,192.38
             245.45,191.51 245.71,190.67 246.22,189.86
             246.82,188.91 247.91,188.27 249.50,187.92
             249.13,188.18 248.87,188.52 248.70,188.94
             248.55,189.36 248.47,189.73 248.47,190.06
             248.47,191.31 248.95,192.24 249.92,192.84 Z
           M 256.44,196.98
           C 256.91,197.30 257.50,197.45 258.19,197.45
             259.45,197.45 260.64,196.91 261.78,195.81
             262.03,196.91 262.78,197.45 264.03,197.45
             264.81,197.45 265.67,197.26 266.61,196.88
             267.55,196.49 268.25,196.12 268.72,195.77
             268.72,195.77 268.47,194.72 268.47,194.72
             268.50,194.67 268.79,194.03 269.33,192.81
             269.87,191.59 270.27,190.60 270.53,189.83
             270.80,189.06 270.94,188.41 270.94,187.89
             270.94,186.77 270.45,186.20 269.47,186.20
             268.71,186.20 267.92,186.46 267.11,186.97
             267.21,187.24 267.27,187.51 267.27,187.78
             267.27,188.54 266.98,189.65 266.41,191.11
             265.84,192.56 265.22,193.94 264.53,195.25
             264.53,195.25 263.92,195.25 263.92,195.25
             263.92,195.25 263.98,190.94 263.98,190.94
             264.05,190.73 264.14,190.47 264.25,190.16
             264.36,189.84 264.47,189.53 264.58,189.23
             264.69,188.93 264.75,188.61 264.75,188.27
             264.75,187.73 264.55,187.32 264.16,187.05
             263.77,186.77 263.35,186.62 262.89,186.62
             262.43,186.62 262.02,186.70 261.64,186.86
             261.27,187.01 261.00,187.20 260.83,187.42
             261.02,187.75 261.19,188.31 261.34,189.11
             261.51,189.90 261.60,190.61 261.61,191.22
             261.41,192.20 260.81,193.54 259.81,195.25
             259.81,195.25 259.20,195.25 259.20,195.25
             259.27,193.84 259.30,192.36 259.30,190.83
             259.30,189.29 259.12,188.13 258.77,187.36
             258.42,186.59 257.79,186.20 256.86,186.20
             256.12,186.20 255.44,186.46 254.81,186.97
             255.46,187.65 255.78,188.68 255.78,190.06
             255.78,191.00 255.77,192.78 255.73,195.39
             255.73,196.13 255.97,196.66 256.44,196.98 Z
           M 277.27,182.30
           C 276.91,182.06 276.45,181.94 275.88,181.94
             275.30,181.94 274.75,182.09 274.23,182.41
             273.72,182.72 273.47,183.15 273.47,183.70
             273.47,184.11 273.64,184.43 274.00,184.67
             274.35,184.91 274.83,185.03 275.44,185.03
             276.05,185.03 276.60,184.87 277.08,184.55
             277.55,184.21 277.80,183.82 277.80,183.36
             277.80,182.89 277.62,182.54 277.27,182.30 Z
           M 276.44,196.56
           C 276.06,196.24 275.88,195.67 275.88,194.84
             275.88,194.01 276.09,192.63 276.53,190.70
             276.98,188.77 277.20,187.71 277.20,187.53
             277.20,187.06 277.10,186.73 276.89,186.52
             276.69,186.31 276.35,186.20 275.86,186.20
             274.99,186.20 273.81,186.65 272.31,187.55
             272.31,187.55 273.33,189.06 273.33,189.06
             272.55,192.39 272.17,194.43 272.17,195.19
             272.17,195.95 272.34,196.52 272.67,196.89
             273.00,197.27 273.55,197.45 274.30,197.45
             275.05,197.45 275.76,197.16 276.44,196.56 Z
           M 287.28,196.53
           C 288.14,195.91 288.58,195.24 288.58,194.53
             288.58,193.71 287.70,193.30 285.95,193.30
             285.95,194.01 285.78,194.52 285.44,194.83
             285.10,195.14 284.70,195.30 284.23,195.30
             283.77,195.30 283.38,195.08 283.06,194.64
             282.75,194.20 282.57,193.59 282.53,192.83
             284.80,192.82 286.48,192.45 287.56,191.70
             288.66,190.96 289.20,190.04 289.20,188.92
             289.20,188.10 288.91,187.45 288.33,186.95
             287.75,186.45 286.91,186.20 285.80,186.20
             283.79,186.20 282.12,186.81 280.80,188.02
             279.47,189.21 278.81,190.78 278.81,192.72
             278.81,194.17 279.25,195.32 280.14,196.17
             281.04,197.02 282.30,197.45 283.95,197.45
             285.30,197.45 286.41,197.14 287.28,196.53 Z
           M 286.08,188.55
           C 286.23,188.70 286.31,188.90 286.31,189.14
             286.31,189.64 286.01,190.12 285.41,190.56
             284.80,191.01 283.90,191.29 282.70,191.39
             282.93,190.56 283.30,189.84 283.80,189.23
             284.30,188.62 284.87,188.31 285.48,188.31
             285.73,188.31 285.93,188.39 286.08,188.55 Z" />
</svg>
